puzzleBFS-h2

Initial State:
[1, 2, 6, 4]
[5, 9, 7, 3]
[0, 10, 11, 8]

Goal State:
[1, 2, 3, 4]
[5, 6, 7, 8]
[9, 10, 11, 0]

Puzzle solution path:
--------------------
[1, 2, 6, 4]
[5, 9, 7, 3]
[0, 10, 11, 8]
--------------------
[1, 2, 6, 4]
[5, 0, 7, 3]
[9, 10, 11, 8]
--------------------
[1, 2, 0, 4]
[5, 6, 7, 3]
[9, 10, 11, 8]
--------------------
[1, 2, 3, 4]
[5, 6, 7, 0]
[9, 10, 11, 8]
--------------------
[1, 2, 3, 4]
[5, 6, 7, 8]
[9, 10, 11, 0]
--------------------

The puzzle is solved after 0.037106860159082426
Shortest path: 5 steps.
Searched nodes: 85.